raw ir code for samsung
int khz = 38; // 38kHz carrier frequency for the NEC protocol
unsigned int volume_Up[67] = {4450,4500, 550,1700, 550,1650, 550,1700, 550,600, 550,550, 550,550, 550,600, 550,550, 550,1700, 550,1700, 550,1700, 550,550, 550,550, 550,600, 550,550, 550,550, 600,1650, 550,1750, 500,1700, 550,550, 550,600, 550,550, 550,600, 550,500, 600,550, 550,600, 550,550, 550,1700, 550,1700, 550,1700, 550,1650, 550,1700, 550};  // SAMSUNG E0E0E01F
unsigned int volumeDwn[67] = {4400,4500, 550,1700, 500,1750, 450,1750, 550,600, 500,600, 500,600, 550,550, 600,550, 500,1750, 550,1650, 550,1650, 600,550, 550,600, 550,550, 550,550, 550,600, 550,1650, 550,1700, 500,600, 550,1700, 500,600, 550,600, 500,600, 500,600, 550,550, 600,550, 500,1750, 550,550, 550,1700, 550,1650, 550,1700, 550,1700, 500};  // SAMSUNG E0E0D02F
unsigned int powerOn_Off[67] = {4450,4450, 550,1700, 550,1650, 600,1650, 550,550, 600,550, 550,550, 550,600, 550,500, 600,1700, 550,1650, 550,1700, 550,550, 550,600, 550,550, 600,500, 600,500, 600,550, 550,1700, 550,550, 550,550, 550,600, 550,550, 600,500, 550,600, 550,1650, 550,600, 550,1650, 550,1700, 550,1700, 550,1650, 600,1650, 550,1700, 550};  // SAMSUNG E0E040BF
unsigned int  Source[67] = {4450,4450, 600,1650, 550,1650, 600,1650, 600,550, 550,550, 550,550, 600,500, 600,550, 550,1700, 550,1650, 600,1650, 550,550, 600,550, 550,550, 550,550, 600,550, 550,1650, 550,600, 550,550, 550,550, 600,550, 550,550, 550,550, 600,550, 550,550, 550,1700, 550,1650, 600,1650, 550,1700, 550,1650, 600,1650, 550,1700, 550};  // SAMSUNG E0E0807F
unsigned int  Down[67] = {4450,4450, 550,1700, 550,1650, 600,1600, 650,500, 600,550, 550,550, 600,500, 600,550, 550,1650, 600,1650, 600,1650, 550,550, 600,500, 600,550, 550,550, 600,500, 600,1650, 600,500, 600,500, 600,550, 600,500, 600,1650, 600,1650, 550,550, 600,500, 600,1650, 600,1650, 550,1650, 600,1650, 600,500, 600,550, 550,1700, 550};  // SAMSUNG E0E08679
unsigned int  Up[67] = {4450,4500, 500,1700, 550,1700, 550,1700, 550,550, 500,600, 550,600, 500,600, 650,450, 550,1650, 600,1700, 550,1650, 600,550, 550,550, 600,500, 600,550, 550,550, 550,550, 550,600, 550,500, 600,550, 600,500, 600,1650, 550,1700, 550,550, 550,1700, 500,1750, 550,1650, 550,1700, 550,1700, 500,600, 550,550, 550,1700, 550};  // SAMSUNG E0E006F9
unsigned int  Enter[67] = {4400,4500, 550,1700, 550,1650, 600,1650, 550,550, 600,550, 550,550, 550,550, 600,500, 600,1650, 600,1650, 550,1700, 550,550, 550,550, 600,500, 600,550, 550,550, 600,550, 550,550, 550,550, 600,1650, 550,550, 600,1650, 550,1650, 600,550, 550,1700, 550,1700, 550,1650, 550,550, 600,1650, 550,550, 600,550, 550,1650, 600};  // SAMSUNG E0E016E9
unsigned int  Mute[67] = {4450,4450, 550,1650, 600,1650, 600,1650, 550,600, 550,550, 550,550, 550,550, 600,550, 550,1650, 600,1650, 550,1700, 550,550, 550,550, 600,550, 550,550, 550,550, 600,1650, 550,1700, 550,1650, 600,1650, 600,500, 600,550, 550,550, 550,550, 600,550, 550,550, 550,550, 600,550, 550,1700, 550,1650, 600,1650, 550,1650, 600};  // SAMSUNG E0E0F00F
